$ANSIBLE_VAULT;1.1;AES256
37303138633332373631366562626562323333336666646530613161336432623233356231383365
3235633965633434626236316664623266613530383066650a663564306139376238396262373339
61636564653365333334633033633737363835333764663861386666633334623333393963353138
3636653066643966310a313165333932663933346534303832393662326630646138323863323734
63363262363837613031616437643764306632353066666461313364613638373334623038303435
31383963623731613166333931653637663433633337613731626636663031643135356631646664
38343732663437636432656239626337326566663066313863323464303032343137613435623037
66323438346530633763393966643335313364346462353462303238633031303533643836373061
64633763376539626265356264353866626365323664343166353464613831666231346235306363
37633439366531386537363965653138323765623363353337303562326532633135383535323863
31386130343439326632333733363739363635333937653536353031653166663432653233653963
61303339663963303137323437383263633834666264653462386638326236366439373661336666
32316332343561623730326230613439363734346235353061316330663138306138613635626534
61386435353030653931636131666337363861663064363330626166636632653162613533646366
61336163336235636361633936336162393966623765386666626562363832313165376137353932
30646537323531333538663237353738643934333333633337396134333765343761653766396234
34303235643963643731333733386166306665323461326430353130386635396163643733336537
32633132653162616538643636666335383839323664633966643438383531346237666435643865
37666365383866613934636130653966666563353666393133653364656264646365386665393833
35366538326631396632646538313863306166613230333530303363613063336565333766323733
36383966663835386535656138366530363535313361336330353963616137613864656433633039
65316435373336333939333237393031633661336432383836646537306466663861373536356534
38366637636539313037663130343930393138663037663636316363613166323937376461356136
38383136656366373738643961353234303765626464626363386366616238333237363132383062
31373863666633323633623463663664336239666536306132356136333633643932386466663338
31656131386538316432326433636536643936613230386631393930613930316634313035373961
61666261316364666239653639333032336233616132613234373430336435623131346135633938
65366634646466386533323164393838333634333464613063653362393439303739333063383034
36613730326236633564633063643964343666656333303933666438316561323333653862643065
31653363643739383636663063343836303566663833353039626462313161396534383831633966
63346336346335313465353731363034346166643637366163363835633730343636336263653561
37363532313764323762316231313036626238616332636666663432383232653762353739653038
63363339386439636166393031643339666562643365643537666432663333366437376363313631
32353539643132326238353834313537376239636130386461396666626230393065363535306438
39306431663464613735653563313837363835643333653535323564333239303663643534636462
64626635633233316362626638326431323230653132623662393630333766383530616266396432
38663338353637653934396338303239636636313363633961313334393862623332643332623261
66396537323234376331316466343231623465653161373964633062343266323931393863636436
36363030303734303635313139393231623339366534326131376332623264636166316333366634
36313533303431393735383665363235656333626265343661383837393433613732653530663666
39376639386434663233346630643832346530336331653032396161656563366635303131353331
31636332643237646366373936613539326131633836356566366632633634623364666563363134
33643237316134363039666466323732333137313936336435653131623533623339313864383630
33336562356137316236363965323537666631366632316434646638326235623039303130366362
32396263623336646661613530633963396337643761333330383966623439363163343932306463
31393033653830303865373238306139653065396134646436393830333563303337613238633462
61626164386631646634616262633363633435303131356130376430313236313834326437383334
64333832323861323930333637323436333064373236373762303831323366303530376466623634
61323133623430656265666535663732646465393037636432646432383065373061343865646466
37303838616436393938383638663234323038666632616634343266353837386561356166613331
35306638353530663362333262623662656164636433316266356134303437333139303136383135
32666137353064313061313131653466356239626437663465333666363865393438636565303133
34393534663932336132363237616139666130633539363265363561373463316263336461653963
63633836623361366234326239643730316330663836623335353936646131623763393862373261
63623632336334613230316663623936343936633762343736646634623830633735333164393139
35366230626637353065303566393061393637666432363932323539633564383666666362643437
63313132633364656235306537333339383966643331393962336639333364613234623838653362
32373261326333623161313635323065656639346664646265613266343436306334653162656634
36366634633130353537353233353061653264373561636165386265656434626561663534353233
62303638363564323938633635383430373836613435396238626639366437646661653665386465
39636264313632633737633038393038643061633035336662383332333339643564303765666661
33353335373732336337663961326336303638316639636635326333343363316338326332303265
64623064336231663336306266653635363162336665356236643763666265646439623966613661
61646336383532626636323964323238316666396662643231633865626435346165336639326566
64366131633563333438653066663661393930306531623938313836323961323530656362346435
32633664303530383165643332366433343936336165316363373833613361343065633862383137
64336666353432323762306637643335346634616136303262633165623230396138363761663130
62343438316664366532323263343530323065363236666663386565346166623064383565626431
38323430326230356534373639313861346365646535313633633663333339393734626632666438
61623164616139643230373434613430383837626335646564346166333737393736356133626262
62306338383366313938313562613864376639656139333335363861326161653838656462356334
64306264303737653330653064646566343936656332373139323334656338363830643435666338
36656265323137623937313236333737373261356135626533653437613437373764336636306135
35333837616232646534386362326463316334653539646538623464353466393032383462336233
66636362363138323565623631353830326235363331346230353565363437346133393062363864
34366561393030666166366637333934363130623863383737306635616635626366373439353364
35326365376261383565613963383163623765613162326162636334636134313065383262623932
34623065633062323765633732663263326132323833346139373537343335643939376535363735
30333561643232333734666661366333653732366230373834656164376434623062333661323533
37393838653531663734373334396232636431663536613465613665393038343538346163663436
62616439623665313063613763333864633139316131333035616239303863626565353561383632
36613361356265636463396264306133336136663033373138326665343530323462643436633239
35363536336161653064313539316566393866326533346132336338653334636262363735326234
32626533633763366432646637633631356362306262616534336631396463336433386335343936
63653364396330323039303765373831646461626439393039326161633230623032323962633033
65313230346531393663373931323135306562666565613732363934343036363838616236616165
35663266393233326137376237323035656436653939323638656366393634393762346333383930
61626630326132316633646265333333363366636565306639363765333062373863616133383430
38663864663433623537373033663334373634346439393938303239346332643230346230623163
34653837353866363538623534313362363039353039353238646263333766306233666239303139
32313733313863303331646664326634663363656132363436326166333162316363383466393366
65303061343134616236623463373335323737306630313237623765653863653061623637303032
61333764643138313334303362666236616663616664663332663430333064633639313965636531
66333461643562653133646236343634363135313262373937373031393936313261316566333737
34616330393631323839653662303466666665396165393839356261353465333430303565363237
35323064303732383666353961386432396466383735663634343731663939353334373430353131
62343730643363383932383734636534346131373737663663353035363863646236316330656237
39623432616263623138616533353236633439316461376232613863643665383030643631626335
39383665643465356665303132613738616136626364393964626164633431336631343737333635
62313663633430383664393466636262623062323531383130376565383632643964393034343231
31643036303236353835633261656563396135383164383731383362336363643234313730653564
39636336383863616330366564333130326136326161376161633537303731393266333262336133
62663364336238646239613234366531343664643238616461393764636263633034623332363465
38363434636133613132323766363064313232346231653639343565393531366537316234346664
30373761636230613837663637363639336436383062373964346634346535656239353031343964
30306362643434316563303530373132613537383330353131646361663662363137306162303435
36393766636234323934626562653464353034326630623861636162343865383161343561343936
36383466343363336162313862663565363235383934303663636437316630396539396661626131
32626565643434396438623834636666373466643965316261386461343034633862316264613165
31343335343033313436613739336538663333346538643362616536343964663039326230633033
39633064616263383336383063663335376535333934343737313932633631623530373731663932
64613836653266613331613837343733626132373337376363353236633862623637643361353334
31663563363366313330306365306635363931353961663932646237333530366531613965643635
38653032643730303033656538383566663966363762346465646332333639663439393331373138
39663763383537626233323132663437666238343633383939326630356135363331616233616135
64393464313434323037396164386162336537613338386162333763376530386666386332336530
37373435663664336230383130343639353631346564653662346363313938613364346536333530
64343931613065343665616432616264306365633530313966306531656466663464613636653238
33633239376163623262643666316337663230343432363739646662346438633939623863393830
62363564636639643663343763356630613933343763346533356436356363663235323833313838
34653038366434373233356632663061393936346238336637373365306430323562663164343466
36343966336430323165613861343835346436316262393535303361626664376437646430353036
63356438313933356365643435633732616235356530353134356532316237316530356363346531
62623134613166323663356537653934373764396433656663643765643439653366623639613635
31626234623539653665643264303364303332343538663733306565356330386134666361333335
34393332646261653033643661346137343865346163643461613933303239363238326536626664
37633862643330376236643964623763323564353362373839393964373935306532366539643564
64323335336665643061336165616436333339633565663435363237336365373235653132663465
37636234613939303863626136383832666538643731376633626333383230323639653161623766
66643566303562373265333536323231626239336364363434663330663064626365363665623931
36623631636439643234346636643265663337396132653832643534396263616638333661386265
39646162303735653830363935323063643863623932376431633837653939373261393464343262
39643834313133316332626265306337353638356565313531663938396232323438663664626335
64626661663136383864633430316239326134323030353264333363633939363133323664303065
63373663373531333333323261616461323966613566303736353738626265326239623663396631
61323663623065626532386565323331613434626330373062643436343364393330336364626338
34386436363532303638353633626265386162646331653438663930313630613232623034323430
64343230353639333434336465326137393931653161303161323734613130366632393364613333
34393862376636346466306531373539613237643537303435353162653838303537656165366437
64393164393333336263663934313433653930613266303532613565353631366663346434623432
31663363363737396232306134616465633335383963623038333935303532393138316339313236
35386631333162363835336261633931303833616266643162663933616131363061386437303237
30383239366363643835306132656539363334623631333836316136323161646663353637626237
34383938346231383364303334326435636266666137323062656163373739306432363737373562
34643863656138633665393363343331636564316165346362323165633166386135363032653963
35313733333965343233373333346436396438616536653034333932656535313366643737626264
32656431346233313964376135376263353338363435313634363966626133356139396236633461
33333364353465376362636238366265333535386339616136366262383163616365366234373063
38313931316537303464643038316132343432343036326266323661303963623361633537663432
34626430633762316435363364613137313139333461616535376639363536376464313966613733
66663831323036373135636532326361646136316330326631383233313761323736623037343230
34333863343463616338643135353062613130663230323764643165326239666466353634656561
62356466383133646364346435303562396366623437666431333561616537633635396266616435
30393433373235353833626338346230323462396534613232363235396633313637643439383939
31663066666265356439343334396338313962386536303831646631326332316631356630623761
32663863303531346165646137366564356264323433356139356336363130323234623337663439
39336635333530313630393566633430333738333462373830643561666234363566613234343932
34616139613363636166393563323132666263393062653238663230626135323439383964313464
39383630303430646636636135613166356534313130306632373031663837653730396633646137
63353036383662616331343935333538383665306539376462316364313166623032303833373731
38363535646164643231653735646561343661333530383337343564326637333066623364363739
31343562336435326237653937313630373861306331333165663066386264353337616336346430
31633835303437653332323664363738363263366338326239613064336264383630363738613164
31376231313065323237396436636231633738383431386137633834616236383738356636363965
32636130626262343538633236373033366439373362336164316437386363656563666132393734
63376339303637386139626434613939333338346332393066306462373631653266353636386233
65616464636462393032303139643432396436653331343264646136393162346164643063643736
61336631343862633362663331643034383230333039626334343464386332613637636433376232
65646465313166303736383266356431363264393332323063663134633964343436636434616264
62396434376536353062393462333161663362313963376366366636313639356237656263356161
38336362383431636532393362366232326430663739663465313962616336643833393134646366
35343363306465623765643732646436373934353464623235613133386366306435323134303334
61313961613735336661396238373365616363626563383632316463306337356631626331633263
31383465663339656337663661386363316464646232663436626436653335356663616261363363
63396561653866643830353463323863633933663166306661653633636566646164336466343137
64626434636266356639373866326134616537383830663530663735306630646265646161326232
33656634623830643934623465343666313866633263616134363032623663623465376338363436
34663538623433643862386265636566313336646338396163373239343965656165643363313239
62666165363364633035323961356433393731323930653963316262353931373566303138343461
30353234376139666135616539393832623730643664336137653164653365646536363230623138
34363239636465396632613838383432396462663738323034636336396334383536636239656133
39333763306439343833303932643633623530643135363861393932323863666132383165313735
65383837313031353266323530656439313833613636623163393333633263396433616637336266
65353966363434613333316134356464366661363031636430643632643339633435613033623861
38653663613465396238316238623463613038323436356133376534646534613233383836663162
62316135626638646262633062643732313135363061323131616635366661366531356135343235
32636561663035366538636464613639333265636537613366616636323230666565323662356466
64316234333665346632646230386631303035626531326237306264383165666130653639636634
30326537303035356139313461383666613636363835316136393164636339363335386334656639
62303032373264383836353063353833316635393034343565663163643865646265326363616635
62383733373330373739353464333363613663636562353035373132626265366233623530633733
39643435376236323862613665663339313663386433373137343231653833613234383732303438
39363931663164343033393939666331303731643563396330346466366333323432383039383666
39396635386630366362306362663434643632623931653264626339333761313664636233313638
33666130353962333437363535326564643065616237383736306464333765336162656634373839
35623564303834336564396466646461373437616435316630373366633463326332643233303830
63376330366434326366643332663861393862653236373332393134643266363932303832376137
62316562343966303932326539623061623162373662663337333661373966343238623565616533
38653439636265383663343734336131326538656435656163643063626336626436396264396332
36323937353938636138383334616263623563633639613835663466653666663737343136323339
30373265393338363135623965303539633839633239626163373931636563623961343839666261
66616137373439383838333564376561653163343736356265626234323664393735326466666236
37393339396134646431313665336431366566623231613933666635666339343438323761316539
39393033643465346361383763313038313436383262623534393364653065343030626365373134
39643434313133623735376163326363316537353137393066376637376430383561313962616366
34653166396634313137616135363764333038363464653430633162633561366634363639343563
32313265633234653838306635623133376532633365376165353762656665623731636439343262
38646330613538373633383237363932626663353661616331656265643438313536643266373738
37303737383663663162636465306130633262313562656535616530653733393730303836623461
63643539396364636431316232626333316563336232323934666334353034396439386662626661
36363165663764386561383939666134666337656632653434643463626239383335656661363833
62306531333930666161333036323330666462393432366164353737356233343663353139663031
63363438383766323030363639383063636331623833636562616132353065323139303436303033
65386238663532393362616635386239656635386431666235366431303362613034633438626466
65656266316231386131643539643235306337366236343239353665323666373831616338343066
63376362646461316163643365333064306439616566323138316565393533313832663765343230
34663963396363653534616362653761303965643631313336613630633633613965633334366536
66653663656633613331363164323264366234626634643934356137326664376431646633343765
30306639326635656535626535356236343033333535306235633639356635376564323232623165
31666363336164323431
